电阻变化率:
0.00604040824828156
0.021870443657571337
0.045615496771505885
0.07706727765048947
0.11539262653613826
0.15913351385128094


done!!!


0.35909185586336173
0.4655280149968756
0.5334305353051448
0.5880024994792751
0.6398666944386584
0.694438658612789
0.7504686523640907
0.8083732555717559
0.8677358883565924
0.9270985211414289

B<=0.06(开根号后的数值)
0.07772006335742117
0.14788659052656308
0.2135778470991453
0.27760993795339794
0.3396949021344569
0.39891542192710594
done!!!

B>=0.12
0.35909185586336173
0.4655280149968756
0.5334305353051448
0.5880024994792751
0.6398666944386584
0.694438658612789
0.7504686523640907
0.8083732555717559
0.8677358883565924
0.9270985211414289