[480.1, 483.0, 490.6, 502.0, 517.1, 535.5, 556.5]


[652.5, 703.6, 736.2, 762.4, 787.3, 813.5, 840.4, 868.2, 896.7, 925.2]

[100, 130, 160, 190, 220 ,250, 280, 310, 340, 370]


0.0
0.07905694150420949
0.14433756729740643
0.2140872096444188
0.2776388541492947
0.338501600193165 
0.39791121287711073

0.0
0.00064040824828156
0.021870443657571337
0.045615496771505885
0.07706727765048947
0.11539262653613826
0.15913351385128094

0.35909185586336173
0.4655280149968756
0.5334305353051448
0.5880024994792751
0.6398666944386584
0.694438658612789
0.7504686523640907
0.8083732555717559
0.8677358883565924
0.9270985211414289