[474.2, 476.5, 481.2, 489.2, 499.2, 512.2, 527.0]



[592.3, 631.0, 658.1, 681.1, 704.5, 729.2, 755.2, 780.8, 808.1, 835.5]


[100.0, 140.0, 180.0, 220.0, 260.0, 300.0, 340.0, 380.0, 420.0, 460.0]

开根号:
0.0
0.06964390961117857
0.12149775274627764
0.17785449865226277
0.22960917044276108
0.2830811970974896
0.33368461737362737

未开根号:
0.0
0.004850274145930011
0.014761703922395614
0.03163222269084774
0.052720371151412905
0.08013496415014774
0.11134542387178409

0.2490510333192745
0.3306621678616618
0.3878110501897934
0.4363137916490933
0.48566005904681575
0.5377477857444117
0.5925769717418812
0.6465626318009278
0.7041332770982709
0.7619148038802194