[424.2, 427.0, 434.0, 445.0, 459.5, 476.9, 497.0]


[623.0, 662.3, 690.2, 713.5, 727.2, 761.4, 786.6, 812.9, 839.9, 867.3]


[120.0, 150.0, 180.0, 210.0, 240.0, 270.0, 300.0, 330.0, 360.0, 390.0]

B_Standard = 163.4
U_Standard = 674.3

开根号
0.0
0.08124444637023892
0.15199444144778165
0.22143503511424983
0.2884709073781674
0.3524682282938765
0.4142670174128899

未开根号
0.0
0.006600660066006628
0.02310231023102313
0.04903347477604906
0.08321546440358324
0.12423385195662422
0.17161716171617164

0.4686468646864687
0.5612918434700612
0.6270627062706272
0.681989627534182
0.7142857142857144
0.7949080622347949
0.8543140028288544
0.9163130598774163
0.9799622819424799
1.0445544554455446