yhq
[455.3,458.0,458.2,475.9,489.2,504.9,522.4]

[650.1, 685.1, 718.8, 755.8, 770.8, 795.3, 808.1, 834.5, 848.0, 874.3]

[150, 200, 250, 300,330, 350,380, 400,430, 450]

0.0
0.0770075057454641
0.07980868844676191
0.21270847062782525
0.27286700491642873
0.3300593295041847
0.3838949816128539

0.0
0.005930155941137686
0.006369426751592307
0.04524489347682839
0.07445640237206233
0.10893916099275196
0.14737535690753342

0.42784976938282454
0.5047221612123874
0.578739292773995
0.6600043927081044
0.6929497034922028
0.7467603777728968
0.7748737096419943
0.8328574566220074
0.862508236327696
0.9202723479024817